263309
70564
32414
259150
371766
177728
257091
36102
398591
344758
42485
89594
126972
108935
1309
80191
366001
80807
261227
31409
116823
272686
183863
389943
233655
397088
154810
199965
88233
227751
103600
343705
200066
21335
367614
289814
103066
25289
286604
330216
167435
399538
166824
133870
149489
194689
347135
310934
256701
327380
58498
370359
27296
190944
261204
76945
397471
105330
184289
172716
361882
12819
80147
2236
212035
56760
315063
216198
164324
183759
352422
52086
142928
208835
103267
200681
219952
325626
384208
3040
365254
269836
262890
22126
50876
296849
141057
337504
177543
238988
135217
199131
98852
188569
357160
279777
201037
353011
355835
133805
